10206
10918
11188
11210
11238
11307
11315
11438
11449
11790
11833
11978
12088
12128
12179
12249
12589
12879
13179
13188
13369
13379
13539
13579
13580
13888
14120
14139
14388
14505
14568
14628
14690
14707
14879
14940
14989
15068
15128
15149
15250
15298
15429
15818
15868
16106
16218
16348
16478
16558
16598
16618
16638
16768
16773
16798
16933
16989
17206
17290
17599
17619
17629
17649
17779
17789
17919
17979
17989
18020
18029
18089
18306
18329
18370
18529
18569
18609
18669
18689
18769
18869
18919
18979
19069
19553
19733
19870
19973
20041
21570
21670
21990
23779
24599
24659
27589
30006
30438
30588
30628
30748
40031
40238
41139
41189
41249
41329
41639
41829
42529
42649
43030
43789
43799
43899
44149
44729
45850
74202
